frame_num,time_s,
0,0.027,
1,0.077,
2,0.127,
3,0.177,
4,0.227,
5,0.277,
6,0.328,
7,0.378,
8,0.428,
9,0.478,
10,0.529,
11,0.579,
12,0.629,
13,0.679,
14,0.729,
15,0.793,
16,0.857,
17,0.925,
18,0.993,
19,1.057,
20,1.125,
21,1.193,
22,1.257,
23,1.325,
24,1.389,
25,1.457,
26,1.526,
27,1.589,
28,1.657,
29,1.725,
30,1.790,
31,1.858,
32,1.925,
33,1.989,
34,2.057,
35,2.125,
36,2.189,
37,2.257,
38,2.325,
39,2.389,
40,2.457,
41,2.521,
42,2.589,
43,2.657,
44,2.721,
45,2.789,
46,2.857,
47,2.921,
48,2.989,
49,3.057,
50,3.121,
51,3.189,
52,3.257,
53,3.321,
54,3.389,
55,3.457,
56,3.521,
57,3.589,
58,3.653,
59,3.722,
60,3.789,
61,3.854,
62,3.921,
63,3.990,
64,4.053,
65,4.121,
66,4.189,
67,4.254,
68,4.321,
69,4.389,
70,4.453,
71,4.521,
72,4.585,
73,4.653,
74,4.721,
75,4.785,
76,4.853,
77,4.921,
78,4.986,
79,5.053,
80,5.121,
81,5.185,
82,5.254,
83,5.321,
84,5.385,
85,5.453,
86,5.521,
87,5.585,
88,5.654,
89,5.717,
90,5.785,
91,5.854,
92,5.917,
93,5.985,
94,6.053,
95,6.118,
96,6.186,
97,6.254,
98,6.317,
99,6.385,
100,6.453,
101,6.518,
102,6.586,
103,6.653,
104,6.717,
105,6.786,
106,6.850,
107,6.917,
108,6.985,
109,7.049,
110,7.117,
111,7.186,
112,7.249,
113,7.317,
114,7.385,
115,7.449,
116,7.517,
117,7.585,
118,7.649,
119,7.718,
120,7.781,
121,7.849,
122,7.917,
123,7.981,
124,8.049,
125,8.117,
126,8.181,
127,8.249,
128,8.318,
129,8.381,
130,8.450,
131,8.517,
132,8.581,
133,8.650,
134,8.717,
135,8.782,
136,8.849,
137,8.914,
138,8.982,
139,9.050,
140,9.113,
141,9.181,
142,9.250,
143,9.313,
144,9.381,
145,9.449,
146,9.513,
147,9.582,
148,9.649,
149,9.714,
150,9.781,
151,9.849,
152,9.913,
153,9.982,
154,10.045,
155,10.113,
156,10.182,
157,10.246,
158,10.314,
159,10.381,
160,10.445,
161,10.514,
162,10.582,
163,10.645,
164,10.714,
165,10.781,
166,10.845,
167,10.914,
168,10.977,
169,11.045,
170,11.114,
171,11.178,
172,11.246,
173,11.313,
174,11.377,
175,11.446,
176,11.513,
177,11.577,
178,11.645,
179,11.713,
180,11.777,
181,11.846,
182,11.914,
183,11.977,
184,12.045,
185,12.110,
186,12.178,
187,12.245,
188,12.309,
189,12.378,
190,12.446,
191,12.510,
192,12.577,
193,12.645,
194,12.710,
195,12.778,
196,12.845,
197,12.909,
198,12.977,
199,13.046,
200,13.109,
201,13.177,
202,13.241,
203,13.309,
204,13.377,
205,13.441,
206,13.509,
207,13.577,
208,13.642,
209,13.709,
210,13.777,
211,13.841,
212,13.909,
213,13.978,
214,14.041,
215,14.110,
216,14.174,
217,14.241,
218,14.309,
219,14.373,
220,14.441,
221,14.509,
222,14.573,
223,14.641,
224,14.709,
225,14.773,
226,14.841,
227,14.909,
228,14.973,
229,15.041,
230,15.109,
231,15.173,
232,15.242,
233,15.305,
234,15.373,
235,15.441,
236,15.505,
237,15.573,
238,15.641,
239,15.705,
240,15.773,
241,15.841,
242,15.906,
243,15.973,
244,16.041,
245,16.105,
246,16.174,
247,16.241,
248,16.305,
249,16.373,
250,16.438,
251,16.505,
252,16.573,
253,16.637,
254,16.705,
255,16.773,
256,16.837,
257,16.905,
258,16.973,
259,17.037,
260,17.105,
261,17.173,
262,17.237,
263,17.305,
264,17.369,
265,17.438,
266,17.505,
267,17.569,
268,17.637,
269,17.705,
270,17.769,
271,17.837,
272,17.905,
273,17.969,
274,18.037,
275,18.106,
276,18.170,
277,18.237,
278,18.305,
279,18.370,
280,18.437,
281,18.501,
282,18.569,
283,18.637,
284,18.701,
285,18.770,
286,18.837,
287,18.901,
288,18.969,
289,19.037,
290,19.101,
291,19.169,
292,19.237,
293,19.301,
294,19.369,
295,19.437,
296,19.501,
297,19.569,
298,19.633,
299,19.701,
300,19.769,
301,19.833,
302,19.901,
303,19.970,
304,20.033,
305,20.101,
306,20.169,
307,20.233,
308,20.302,
309,20.369,
310,20.433,
311,20.501,
312,20.565,
313,20.633,
314,20.702,
315,20.765,
316,20.833,
317,20.902,
318,20.966,
319,21.033,
320,21.101,
321,21.166,
322,21.234,
323,21.302,
324,21.365,
325,21.433,
326,21.502,
327,21.565,
328,21.633,
329,21.697,
330,21.765,
331,21.833,
332,21.897,
333,21.965,
334,22.033,
335,22.098,
336,22.165,
337,22.233,
338,22.298,
339,22.365,
340,22.433,
341,22.498,
342,22.566,
343,22.633,
344,22.697,
345,22.766,
346,22.830,
347,22.897,
348,22.965,
349,23.029,
350,23.097,
351,23.165,
352,23.229,
353,23.297,
354,23.365,
355,23.430,
356,23.498,
357,23.565,
358,23.629,
359,23.697,
360,23.762,
361,23.830,
362,23.897,
363,23.961,
364,24.029,
365,24.097,
366,24.161,
367,24.229,
368,24.297,
369,24.361,
370,24.429,
371,24.497,
372,24.561,
373,24.630,
374,24.698,
375,24.761,
376,24.829,
377,24.893,
378,24.962,
379,25.030,
380,25.093,
381,25.161,
382,25.229,
383,25.293,
384,25.361,
385,25.429,
386,25.493,
387,25.561,
388,25.630,
389,25.694,
390,25.761,
391,25.829,
392,25.893,
393,25.962,
394,26.025,
395,26.093,
396,26.161,
397,26.225,
398,26.294,
399,26.361,
400,26.425,
401,26.493,
402,26.562,
403,26.625,
404,26.693,
405,26.761,
406,26.825,
407,26.894,
408,26.957,
409,27.025,
410,27.093,
411,27.158,
412,27.225,
413,27.294,
414,27.357,
415,27.425,
416,27.494,
417,27.558,
418,27.625,
419,27.693,
420,27.757,
421,27.826,
422,27.894,
423,27.957,
424,28.025,
425,28.090,
426,28.157,
427,28.226,
428,28.289,
429,28.357,
430,28.426,
431,28.490,
432,28.558,
433,28.625,
434,28.689,
435,28.758,
436,28.826,
437,28.889,
438,28.957,
439,29.025,
440,29.089,
441,29.158,
442,29.221,
443,29.289,
444,29.358,
445,29.422,
446,29.489,
447,29.557,
448,29.621,
449,29.690,
450,29.758,
451,29.821,
452,29.889,
